2000 89473533
2629525 459789224
357473770 955196785
152941115 397909703
544345721 992878522
375565441 990360098
122715096 138377804
301782880 897141052
180719014 686048701
675823239 902091396
73802899 224904751
118904420 414551437
361987242 446438098
33733520 713453630
190094288 268231031
192292537 221922254
132084172 194922061
489557941 681711478
2635197 79621180
642499055 995513718
18064496 623966900
599198348 838390167
8958651 992689398
189677664 348855751
250947146 678738098
756159201 865500903
132568691 324750044
623704493 875063620
441033602 494555932
657438012 762786962
631127889 849730549
763212060 984709215
44652609 666420692
47287806 105286353
598558224 747785407
75041475 895317875
586224394 618366254
627324904 674239822
23095572 431430143
110168241 817002568
126559069 535019822
451309112 718843793
446423764 667588512
75013604 162144443
584967968 887457365
518585253 924931404
287214868 762156970
134313665 184383828
239600017 281094014
84187985 879652237
832022212 987385423
458268029 954693711
270762957 628933533
702193099 938109284
504545456 607628203
631104525 664877691
142648024 383721483
82413636 810236535
9943592 830145247
570118963 824897329
447427911 602345084
88704216 587159130
75534232 364502054
645596067 771542957
315134248 708247294
155036022 377764655
332458365 540269505
613304050 811032461
403929686 813908249
318453705 365741911
11557888 30619602
6722264 949558229
266857436 884488216
97002682 816958798
494372479 746948159
46892421 519637997
96717562 460858564
313735967 634051550
258110859 536392795
851527042 959332033
189613039 966358152
6563063 359144008
472383465 522071404
22692820 188496004
388434730 876313150
506949708 887871037
271570683 309024288
538428119 894593300
46028856 564068450
487947152 645493366
7585148 58440928
7674841 692385787
178953688 468443711
4836505 321410808
133259192 289580898
108455401 708879898
322872231 715442961
467599408 697459986
40342777 342808579
885955989 916655926
245422049 731243309
2813991 657043314
404152966 554446336
393758461 452991543
881705613 968221415
98484909 879178694
643387047 889290760
210250823 739369886
60780693 822340734
67603679 111921632
46556237 776483577
72893384 221944819
344442889 540492792
384785665 919404804
805360792 883301370
153957942 467061030
50782840 811001255
322391373 457745528
215154220 716149833
35891986 910737070
450371797 861738330
192178909 767587031
505125376 506956917
179982462 402429731
322549761 420253961
144420445 319326549
99033337 217313828
295992577 541271367
460676170 610322971
346140693 533294593
118553314 687252534
21852505 813201722
498253789 988109446
332114384 565924360
95367806 556775631
7147427 601816346
221919728 957106135
199326335 314747863
454272417 728876644
1646957 494730324
491667120 776822178
320973505 728371866
708980947 862244872
24364443 171820270
175437393 410175387
146507058 517960962
97427921 183679035
168359563 448198061
171788481 500473946
14122420 728564111
468455117 595841751
405464238 588227889
690374845 787554224
271767840 720212100
67458775 94342992
273414796 871165169
446904653 559125894
120623192 599537035
161665876 476417829
292443461 337103268
810404422 886593215
483610326 836537487
504486240 994083457
18388289 284735547
4960185 151374319
453318288 746952399
187696639 619829435
310204279 858782525
431510976 975250862
69593854 581972119
498969750 707903266
58095643 793275374
154807918 245328760
178718834 316473793
471162295 721746588
460856155 506093413
134083068 989703738
128166524 149909993
346706329 434645540
146554812 204182865
586019858 746023562
58365644 657501152
368800028 933720201
368569923 761487414
800311003 803058393
151797104 683597619
476872993 510961658
209892746 518285928
241127932 722201752
296464692 834759720
193369484 712290226
609837198 846373293
35589573 759747190
382295901 827056169
46909081 973610980
586478766 632928938
96496269 572150894
505871094 691294582
465296297 912380856
118123651 119874859
715439248 803472478
78917257 269920755
132861822 332329852
597203184 855063573
284479256 573457783
4044616 138264360
477848739 613881813
513438312 984637653
226145355 664210173
273054435 895734212
334729329 490337504
62488397 905983373
431225598 449794306
420875842 896521894
214691513 540750701
867161896 930130760
137082650 344223178
477084999 861564368
311283904 321928854
184664923 895386636
41225891 595763159
33650996 926128249
655107703 870805000
292082912 881253057
40333476 535015172
6823844 25352675
375062804 912807216
806288401 940357424
215117873 361233265
429809385 555326646
422488542 901983965
98723494 212456496
74020863 412087543
428324844 734016396
237821118 612989767
481919384 833584276
515570379 654215657
161839711 612228877
238891730 904311788
773906901 895609120
902432963 944645263
319708067 651775927
444649702 667756530
125996467 882874402
533839465 805882967
165200138 560383283
230172985 956328006
220931900 511623129
156710199 939947972
394531317 807464648
289384031 405454090
59669746 80631944
657470761 692860820
74025809 896362490
597172608 969634928
394334222 522785742
27078020 724584242
392340771 714042288
471727722 692555107
127731524 130127040
78910923 145448013
35238928 690510322
54649802 375620997
108687179 532331195
916151826 994597774
400051863 926862511
7494455 58052208
312237961 715522968
238780121 700355274
150044233 464401809
60931400 987187550
544378455 785515641
14265570 110937094
30372763 485993291
158104286 656008552
616120330 734919474
159147003 303552298
622674753 679173294
213796805 731361932
60910930 64020840
500030109 990883351
410598669 460962792
625717104 998377805
126121636 551249430
443039797 864497224
553810015 925428623
98188469 430227346
297009267 710944263
61641914 741317025
717650466 783002557
251639238 751937662
55489959 305086291
263302593 927761044
477099397 587179604
511639327 651200444
11669435 538010326
494600146 851489469
274784455 345494302
253422443 477206573
194220148 896743731
303070097 696462239
119648771 126689584
253774917 683109385
276215203 315416831
59217759 276942762
28880423 885583648
163373349 190669938
426675941 936886734
118430981 376582689
482586659 756291689
27783132 146818366
346772446 374899629
621556900 998307834
328030758 720393930
469654013 874979342
522250906 571441580
641899676 772724109
26499026 550647516
177525412 826862718
194432208 454468173
80015855 738596828
483348596 754486528
123202144 272751681
33678820 94149477
649334369 789970508
529633853 576736135
923508580 936788873
904533481 935096707
545065480 624927411
115643816 272561173
94581423 637894721
719821883 844002753
132310748 247166620
309836160 746320908
926545689 940753115
517658868 764304332
100169279 873285321
272145396 996487465
305824215 372920959
22255328 90636941
95794723 667373075
551889180 885099947
308939012 443398007
672713005 988463486
788356821 933866422
113541010 880964196
426251541 957543762
453302431 558562289
52139690 57226733
868398448 983772421
485219131 992892805
353947641 718694477
585388410 626093036
715181941 958309368
658335233 784433602
732744676 980564695
178224660 384970226
617844623 621622666
143073979 693909238
462602503 480292011
576143512 931430799
210198692 213772559
386203626 667074989
443430358 768760980
489675779 719214678
279719131 564623834
633666771 974894909
135834663 412799670
112276158 851016603
371109038 896709759
204190084 361868188
481970787 540092847
99815409 441676662
135585899 161715512
95405739 624318014
26836538 468394261
52977877 534683171
237035229 439181502
54274511 858312560
773489189 882611860
14847342 200504690
27915950 190629374
326464036 501030464
440715620 613306621
29996991 811824657
362532731 391865178
844503517 868531092
310207753 931958024
796835277 946189887
298310003 892241016
423024252 619220616
476002128 771593905
8629133 153903786
208178297 915183630
650311841 719458044
834183837 919962733
24813210 665159182
18705997 947878682
203793598 388594301
86306940 632012617
52935309 847061699
478172117 921466401
262646492 544081568
84190505 193433196
61352730 235016860
85674211 484376981
709784467 854237475
8141260 960379108
570929951 875562737
68835908 290387994
378390929 903019744
43550110 62867078
10745760 780349306
62256106 836659255
251856412 546785074
304791721 922966194
246363125 253654662
78774473 790444692
15481329 516301153
577653882 983877887
250498188 922068450
62030862 104735662
631852916 874926321
55299219 965393274
34229181 603005410
345687212 981396338
408554290 789765277
422630934 877462800
271816401 792235257
111806540 523672812
34772733 191536683
437899807 828464532
288427394 759755356
228344498 657244898
64738736 775236685
25734872 87415131
1962344 986807185
130470534 471176453
876888664 948380159
479894073 526475671
835125691 872162882
313806763 477407319
133233523 191269562
405049923 900038252
11844791 983504818
27557852 928722735
609703618 899133875
40077620 465457658
221975326 693802155
697322517 997212010
758540891 784737647
22946881 597864427
5933766 786699990
69040879 663588654
595516549 806830276
641955967 995999078
309805840 320195783
119363285 305945657
353591753 871917889
189612923 710995580
492234666 736279031
217170774 487929258
682628432 954454635
176429960 528006877
225329394 228946938
26158321 987487828
10067040 49105202
437868607 649283382
506909485 907555319
165388387 566901947
161387464 954942386
61374265 127654520
33253901 323709656
433600176 677301408
144595755 905171789
493967172 866914330
84085104 489346772
296317759 981896429
362419657 766713535
472747718 995660472
498906039 587749050
450332442 835664652
126049610 400527592
99615823 160599262
117520561 632959094
440417831 727501208
278908024 788875472
568072350 602617679
1672526 822129373
132435439 579817513
998784632 999349768
340647756 926301036
83434871 760713816
636965514 702664757
109713231 123133473
550841581 563398874
239022584 461135621
13731315 714179564
365072193 965863489
850547638 874778826
83384049 454796385
214808425 290965469
96188209 859037818
669942455 770833933
713226695 802377893
203167797 712011327
129468833 801727661
52659082 737678883
542140947 890182648
292859992 865832472
504370529 696217924
429231346 965506150
295479012 935240507
152829051 532202065
113858853 259497242
3376688 49759253
146858508 714293627
117084029 662998187
787026484 858412678
433832119 571639372
589404376 636999915
136167050 243648388
41342483 618985099
361684099 833843623
126703614 583483429
87853958 227516570
509264267 675437889
463194747 905876459
290594875 804743279
616023797 771118483
471916836 550092117
116902095 820877735
471291696 937961764
329704373 779900281
66248751 577504599
19425326 753860096
703248665 890027146
174750116 263073714
96917336 783885980
219885761 536434214
76137301 763950783
160256070 604091541
66132528 125731402
67286287 930474680
209243754 535826435
554109514 759335870
7743270 227503600
331551317 876237964
17981715 656138244
595486313 661255689
267632137 722386994
278152011 614911639
10175634 877985352
452902126 794061613
827419039 989336339
13947373 756072691
174203442 605803473
212680583 731534874
92852321 279966869
302096075 514525905
68635418 815793303
61431944 676052924
148655370 790186260
7604241 166637084
298840855 521376281
21227849 762123397
377035035 789008417
151896211 799184050
107536738 457314688
445762015 787472128
299167378 459709387
396061170 904970850
486429181 608741752
489022076 579281501
856064332 888708620
557018274 733893927
647842223 777216102
85587549 925871471
438028482 945708141
92508554 736869336
319600774 854631950
108609190 610613536
84183336 615026098
44236425 760309592
58587958 72340785
371508162 831708552
227769721 518297344
4726524 128995364
470533791 836511472
436524377 577736443
22934655 326598122
103814223 987271068
72858617 670776877
108805358 882202045
871083109 974710599
190683882 698191046
161320933 681858900
151809424 618558588
764635367 776347031
662795012 701204167
494503564 823223324
72712329 194037019
54224044 574789636
51279895 263817460
487804271 524757834
703872307 841553902
510738925 681341322
34032154 660202882
542404926 606716290
142837511 477799398
369631876 693544908
520999632 904007128
672809055 707382193
336245575 522565715
37877078 289960773
37449741 113184096
532380641 962678421
107170277 307221114
16902464 358501008
223504088 394176649
65057989 698821630
62076907 98048956
598915662 610768189
96109060 205631951
5689466 91462922
375321342 535947701
56947332 785007830
131844821 344906374
582272738 654410535
681151948 872233510
692287612 718601688
77184605 985417605
145155070 533796461
36871233 403215276
260375320 356172430
54994059 797391925
177949660 747957232
117070965 776865322
211241772 213180024
216931237 835013624
304642946 370961324
592252578 942167127
280425007 724097398
287073500 862697744
231024284 968225447
734931253 775828248
539343486 572865209
73139946 853012852
570536631 742400436
328871574 926709060
2775755 126263498
33241766 981703118
726737081 951290435
662623439 937978852
16986810 497637063
7426440 321629755
599679018 721114738
1539745 116313233
176292767 403386732
259833403 864237488
224128530 451685093
35661650 615988368
741190853 877066653
447603283 541644665
483591288 870516238
226828694 338883394
61048164 849296087
224641511 428549519
12338598 887264950
29325407 219044722
226471162 237418364
203471514 958533101
319784746 826150179
854959297 960072845
676826685 723171478
114792699 799816359
2970700 981028129
415804726 858094781
744161552 957449391
80269191 158214416
385043109 680481980
419152584 529778067
446091272 643794095
310946221 958327585
29888659 383575396
340271628 620993759
256359820 543743141
82509998 579526859
392116056 863527886
439215715 789985646
904778345 921459092
91548426 902487220
507353151 907749044
504426948 613098352
317318893 623829119
584696138 997800873
3848722 8872228
307479851 380095291
190939227 500159168
618426072 883734563
220827885 811214051
357244673 477187704
207473543 936771531
71001428 412214053
54716051 181403938
102863029 362733495
454281920 959494395
719759790 857866600
323481304 814151422
76703089 131470315
661399227 947310422
808699001 981787539
214399181 517764300
17923467 968695204
257854759 439637627
478682644 754174381
111419053 250851677
458325219 808386699
73117104 900706935
381842998 934627225
127833154 597092844
87327548 890006605
51374763 600389557
659603689 718042537
736306778 923870860
702029203 723697633
250222356 536333093
384912986 767986655
206124541 750732273
8587031 638426473
245117205 645762167
339786026 896613843
689077 209052609
109759543 207455413
73806180 441814762
201639333 896903119
38907606 786909724
141483232 942798720
239815632 801086920
16202843 660841256
215386810 389910049
640132404 739900475
751719902 977329812
260635410 354968526
183454352 899061882
216071909 829216518
144179086 555857934
353231694 578346712
556547010 638318476
315507589 630353189
64927059 80133238
119040843 831992521
851836782 973475752
91652413 914355914
427713522 627079024
107855255 869505424
643100331 700272082
362154180 394820233
530118245 622789589
713572597 749788758
521851471 965860666
395305466 518546908
374234952 826168530
783298313 871778602
39802542 464487005
266167854 397136594
98160374 104729600
368693788 809082734
283049702 924152478
403747853 753251498
710763223 713623105
125769628 206379905
266411538 487923807
601200137 796529782
110713396 203505247
362618730 485081218
21882264 757924196
3628125 248633567
436609077 727923078
31931880 901096081
298099733 767725619
150749027 724971571
248776458 519442814
25445287 534054304
139822153 802492515
281709491 365772089
407479119 853445257
119856794 572151994
25868482 895402925
6116320 916386576
81890080 131521657
103772344 343713889
347342014 889445852
178571280 352405910
75265091 236854141
79667361 695507062
82932739 534953873
272994984 636246683
602375552 807049287
257384419 661691969
943401460 946871439
623156507 652833048
47824852 203396930
98799854 772689841
73693334 541592768
8099765 957432526
301146414 673114425
111872108 415076628
316794370 501004779
428786222 593647908
525831620 553648510
88602383 124293283
249804618 608764358
63656261 577365417
56853904 91573737
321040679 856241694
34975196 944197186
90888477 361591093
134280934 844538389
189688331 770748074
147120856 528390053
54020829 778847839
300783621 890719946
321613809 801788400
60030667 915261716
83090973 613679177
59900607 293609687
554797911 754890396
132163327 309705224
219075479 818546656
139587335 223737063
75317172 111228611
289424617 936300872
202117087 780839260
244321769 276221902
404103686 804611954
182951524 243958976
544742597 711149135
32762943 926187821
199047348 986218488
282138320 800541010
94150696 599897664
7211926 342038926
651744149 701557443
139375252 520104098
215628666 870819627
512207784 798653150
326857276 448508655
88077766 381490715
81864267 216816019
485967952 625812483
21427973 869771459
521435827 585093459
267030407 447623647
466077754 617856401
270913762 286358486
600732425 886256149
217580809 942771350
893468074 919138251
447031850 885359677
170367828 291758700
100988343 803966484
280361970 821537329
104991490 762131447
186855756 661852684
287665167 978947465
525340059 852891789
9952977 46775885
276983383 437985247
346915884 908357999
633274369 743061136
179271760 196309912
372046870 396852568
118031295 139081261
168507170 438629462
3390972 460265870
104379314 461513641
264232353 283050969
237257635 369223842
45182415 899110319
408595950 876646232
39291837 933936008
49244813 729538020
20039619 980711893
180144128 326228195
69289330 928397617
813418496 960185729
118115593 185465365
109713205 209554648
303496660 378061818
159403983 548342666
9856306 838327687
102560039 116299648
145423626 353557282
43122393 324300232
252667600 732896181
291959436 919768624
501822995 519348541
341204248 352576785
374378965 667432442
155292934 532720912
346139407 589238123
115478662 707353715
325033309 384121124
687617783 817066919
217925936 703095126
393939164 847021765
80298593 963321412
78238571 349015554
169395045 673315786
121360963 422062645
258728318 893645938
566538432 778076858
247985284 907742680
130653642 622364249
427691473 515890905
777657182 869445948
862030312 893135843
98667787 429316014
70685503 98899285
626296981 786285569
316825220 485823685
20236144 249640165
301661448 369251698
327878735 471056492
449239697 895083835
6328504 745635488
195401986 312173920
443387269 784405362
72432951 767575355
65751517 352640775
135982612 843408698
222086722 998012923
589060892 651402736
96680709 512262747
735482629 750302020
138559727 919643591
11312222 73822665
169283755 228000464
380563919 497162489
128164105 699056955
297208795 798918537
134492609 994320522
609382714 918897970
437707791 534332016
355975659 538989676
674972287 886972790
51900709 109059512
525501561 640961600
474698621 612978599
5740698 215796970
62697601 144300424
135440560 136520265
155612646 157240667
217037080 388692916
506919507 916094035
305838044 516857021
65819181 651349629
152674917 675201894
422763950 590382707
62050261 961753625
946358366 949023050
489242264 998259074
867260176 910598913
376093863 491737025
194475149 497477723
257172749 591890832
494294498 579847744
246209366 649907143
463246445 589604762
38600059 96524268
231856831 407973431
254878663 297676011
59323059 407553580
482087008 825394256
887444516 997936286
296356984 796811003
638115599 836467566
599582830 647586428
505375775 991839805
699850923 975676693
341833879 420083876
809540023 836128376
55749388 999931619
338551871 442052732
229668281 371512185
455885367 538577000
637641711 793455662
696964769 753561378
53525593 431471985
31568128 51461879
180441463 318916501
7900418 700789233
200892013 818557062
176449188 607483247
45248169 435676291
387082047 876300110
538356484 855760167
223210422 708208137
446622224 561762292
150260869 818134408
541354220 791430572
126536126 281588634
187326233 880097503
240851826 978553402
164085840 862637881
144830056 483002340
43079344 845619288
343419109 861636405
899027652 950902355
38085592 944275820
239094998 766902053
94855164 331357866
157774888 407084640
604397111 803063300
805840520 968846931
275047870 612793855
347194739 401583996
534520972 894382488
134197850 725452242
298283689 775372797
440606474 920202852
483685817 781286028
124705136 618338491
197838573 369882495
88440516 928123843
19735192 314158314
498032532 707858920
114590355 865633808
770170006 905117171
470030918 726480453
576010526 745078788
191790659 775721616
86173147 146662783
133376984 162758939
664141740 938131735
104748213 431660673
65463052 710850938
181705781 440950382
42684540 491305306
551588275 970808382
579745822 718262940
140121093 990543573
216295471 957650279
5754900 121412641
328302170 727820284
156347161 700409446
73380957 892200104
72560091 932068777
94827715 830889602
58453426 347547693
490114098 885475802
304812258 448843091
555577150 745762639
483065223 598261689
34653497 89584296
421586422 669330117
264646346 605432789
809451210 821728259
222296624 667722461
795657252 802633259
348583049 996024630
921921938 958980420
240783152 743565548
71672754 846998380
690909614 905451806
271736798 428901767
395565903 576549055
730261210 951143052
174828045 213326432
264412341 401921092
100496281 823507513
705929069 933742457
88153858 595710018
162966833 380173679
28347282 115948831
111973460 965600092
376930330 777096863
33895398 470229834
373178762 733410129
64088375 394418939
638861934 666155736
345506494 886944189
75767703 242704791
417532835 690603592
92524684 141610486
94623118 681945175
468203984 916032196
800552186 856702406
33242217 916430353
19669238 32379183
61589498 985269329
144352643 291036180
30764392 614882543
761266013 988061304
8201303 616690872
108069158 904666031
102688876 674357038
917061828 995013346
30972930 685616937
172583415 187111015
630657972 721572541
267206533 399206520
42292876 920275070
255908925 958723229
128094514 953517286
867623136 991102411
113363843 987971405
11175667 580762737
624958031 871252148
340459372 568824041
326006423 633159333
307516370 448528529
428695298 443541874
77094550 459668227
116721916 981675162
612333134 632251641
751974525 838294456
11539653 880587332
119964929 672249595
478283232 839310560
248059442 682929322
198422719 213939636
62114737 523417079
247185578 794702373
216042765 687072767
320232099 587644949
36173477 542049187
480264821 970744484
332231702 557359370
166423216 282929062
674081285 915180702
364892092 778756349
519671579 642812353
44437525 245479423
615293633 937306334
522720756 863353074
472752008 573659827
929809062 996169086
577027786 635774563
95871015 322847330
536032316 793070550
187636088 495595780
424722144 975860600
10896923 756953846
293825984 385736321
59817605 923377061
61523037 554649761
277226049 581194615
49978465 522705471
625632139 665272097
869247 312528157
381141522 785280164
163466935 574529073
62819987 633965601
729836615 740494720
385667316 386081621
118385282 881263096
543107426 573717708
437130982 709640047
95376368 152577623
75954683 730956965
7710324 644996354
284936372 483120795
78707320 385615611
660158195 704339459
50887707 972686351
284545580 557725057
132254129 757966514
244448466 448012515
41023586 47590467
433257783 974285080
92670362 427105207
822914 167037230
488294139 876677276
290470248 640871761
21427212 824569995
569342795 832280319
52463589 518939917
597647237 969733042
290595551 629891236
154503047 193999609
455093938 712228103
65576803 478545188
696998583 779074054
310025268 744589049
136826700 820097640
30363183 247202846
82013413 197400412
100542111 570307551
391012358 926594040
211179311 751164034
264955922 780522105
435960704 783895838
258210098 685502045
234059426 976097595
388562472 888101333
22613555 195711623
100790574 501158742
261288425 797789156
132749148 571313693
394894557 952846787
425257739 708140392
52565984 790153804
153108094 622658151
360461354 401768542
396636804 424157016
5448927 661592725
57195472 441409631
298004914 742697516
532064340 699619728
440237412 571311462
593925016 920626811
635949034 873933737
897237459 947600109
80349256 524239244
321067503 919133800
29207894 33196042
85762025 344391539
819361697 819566041
32339402 91386471
221334582 488023274
226783508 456496417
2132350 513691888
152653615 520709490
72845569 108905755
532733568 684717954
457861117 513082981
1548366 126658583
184311205 926775043
708550448 751302176
7124299 72369678
627684248 892836692
101577571 824592138
773455619 831115069
644158178 775017891
658311372 718009111
114807788 115557516
117689865 944792618
318018460 481016027
270343479 442438133
390864028 807577785
903947008 975171700
117955253 954346634
302266457 758011726
509313901 881121677
10816904 740762327
434199931 491017503
388293853 486115370
169746790 315609640
14265824 812284169
672577195 944764680
60322195 530293279
327602249 639901335
30528411 120917361
153388242 645620708
36484735 415871846
391043545 960966026
78921278 792948095
197906531 403476172
79028207 381187734
244520989 912790072
199506354 672306885
10938606 735538492
51148131 587800207
33201748 602066030
715948652 977966427
98758282 274643224
890804974 914544558
426360530 773849736
887978271 924497589
156366468 927237977
813498676 888204002
458963122 547410012
745316542 819641631
53345716 862439293
627745716 676861100
201684336 297866705
33405196 827252070
65139294 415052276
98341041 937069678
17118305 653018329
76307467 144277880
751776611 819628792
30653492 911338790
445994880 651833412
373232856 955151081
621166108 808199879
113953210 208126242
80129229 933594840
942568521 953442784
482820235 986940556
137323612 422830588
250082657 537020923
170728807 602160216
107798484 517651284
387285940 700501256
613333165 629325074
217626127 531563820
295418961 301470218
100795970 747465097
55947050 947252372
120697952 755452250
87167513 529629509
609758737 963578491
769537626 873278705
404843609 712735612
104874213 827674197
641895135 850059223
20788029 930273205
96571702 447924489
797072957 981102864
446952380 835210428
219290599 426398030
517094858 727868247
514709559 617890828
314478282 327849695
301063999 526354229
55983738 69930531
388231511 886025374
114026567 518258826
508079351 923102435
465469915 826762178
603292983 676821400
107365049 386082539
56453102 550125780
383744996 834007027
521733807 853526058
132440440 683213727
200308585 593540757
108250316 860308686
40674733 818199412
197069992 275244949
197691832 341738731
253053729 729970241
83717205 771312555
444312907 843996808
523275337 546931341
2740675 909782822
52613089 869664222
388823213 602738868
75346592 926117324
632159733 839000215
449596750 522213942
43137506 764600172
477425210 575038878
3904173 245754641
279149122 518099942
442824632 859838672
476840953 695878361
413074509 442325264
138838423 319707267
709903767 719154959
472202940 662113760
714726848 721895633
194383514 963235197
120500837 169982067
8982282 38581788
340694889 605176921
369777093 383712575
383832395 958751452
240252919 847202302
204506092 217818595
519402040 647330723
77657266 848759344
195725435 519982529
114350204 367949053
658820952 824253971
87104011 173451063
296456910 661515995
490840423 888177910
58159976 624751192
463857611 515849331
67142257 69034532
303371183 856544220
92892966 291327976
262122634 991046629
319145077 333145884
208865223 705064276
139038840 966475800
14717586 553823619
659021368 668173823
170358671 382666639
322287001 344944145
343809733 641401054
84503994 983802996
461070539 984757829
142663970 301131791
62322578 976919869
222682674 685980440
365693761 514010649
480332746 631389757
357573629 964535641
566438851 799477823
522116268 618469974
75939886 705477690
217015410 633187559
596630060 868370549
239890432 941574204
190657550 583700165
26976897 435491610
272765790 668204158
488047435 663384479
317483655 573897580
725707057 796580254
3464095 943917169
163107254 487370203
424249914 520680883
76244088 304422195
87119733 826538462
645113775 694714061
180417972 754994700
204141111 714645536
48788520 954535967
91962421 145715315
390752483 433723276
58956641 118939317
606986751 706489065
132902996 574857471
153080879 924470406
780450852 929483249
92590503 96998047
267821054 373764313
572243249 613271385
450008400 552907469
144722461 251298062
6292761 50537595
325140432 765183130
210433872 226445303
208665538 572235449
318407724 962987931
437347040 494905165
53910581 874460923
44333791 449318394
186813576 968804196
116296825 602399272
551913671 601771399
61403679 869592452
674675063 925677983
294352052 375686382
80098883 545650114
130636478 372925194
404459226 698065625
614893097 748335959
173087759 924510928
95435003 676074986
136075690 170980150
10536612 532782042
224890730 577115832
312371357 411704306
398436379 767286981
207777 380517482
319200651 441921160
97394985 722316581
116596222 869184984
49211456 473081366
267351449 846006560
32364285 671810675
396588536 633216596
139220123 173615815
806304354 815295109
269050817 942380043
801832859 986275258
63682340 805433007
231465042 970320715
327902997 482417773
708420478 737607695
335141901 909324697
57458481 150341637
6719681 119454210
332317399 779159817
21182017 46511265
30840310 53546302
427428845 718321939
686762897 857542062
345583602 453561012
525353522 722611828
140479997 364145131
376961038 945913003
427827470 460942432
755730466 768750069
358874116 943360204
278502104 316667295
268198812 467008931
127434845 188476937
438979492 967636753
459752243 460161509
490592552 866664369
437502660 513707810
52987058 918021396
147561073 224098759
398570659 672914594
539050655 946710587
37059724 176187976
317403546 337480009
106230078 637130407
73134011 433006962
242317658 317620545
585819356 711509066
709326588 752502354
822432 713254200
25522794 572655458
439319826 460983940
516115345 974691749
286653093 876822485
24383557 880195158
131282168 510751851
309978789 549814502
586874226 670332823
486166765 860329183
904277771 975813523
819075612 829928133
136696156 408820485
72245790 972845902
575031864 634088730
140802415 725348255
150520064 634911161
95895100 166325209
589839889 682440553
319178726 923103200
655814709 969093645
196078634 479845496
745893136 787096876
309946050 789824284
128507400 185283713
170275233 942077835
104320923 989350844
365657759 624522319
549284461 978563352
191020012 553595215
35889542 916368266
670800702 694397629
66888329 860722837
509244569 619212153
394831704 395679742
364773386 680939646
50646412 877018280
690259639 697135233
339475869 475427767
205689 513227831
22997273 467983268
424820542 455305665
12348116 79827983
642994652 843427819
481628795 834014663
249539385 517518336
602899280 943937014
40835389 522303960
657176202 660047541
31548529 52855943
565004526 907395596
270145681 810558359
294539157 967280913
500817998 769966923
159273133 353540038
135711105 627256401
376537310 591016769
241401777 904593294
523361104 547587946
4989898 84829596
234118960 334368980
375024586 837018240
130822345 415859974
359322199 640514899
75907515 243387079
545887193 835819462
808391605 816032873
102930761 646377821
635830138 999712170
725414036 795103270
353252207 861125140
274876022 729789516
31985668 304658261
680535716 971191292
579573613 908537239
538041965 813692572
95422571 913066550
226244915 503227163
328926524 862549362
257350390 866759813
265163358 958452792
93169851 619360748
81196230 592064023
569542719 574807861
152738248 444292544
217162341 797544750
13863387 344554714
171037999 379850617
203558261 376540381
851573714 956113993
112095499 242132031
60034421 622322917
125550079 155198580
286279336 336641455
5555500 840615792
593991844 651584936
270718857 539678047
204431439 270945683
845753543 984258421
428550965 626490509
843652849 998491790
78612066 864871529
40723915 310979035
417264295 888425879
514537295 592515945
225894640 479149145
834647975 848217556
539183566 989846554
677979253 826283986
179004361 519416130
683534752 772996204
23517417 806769961
165190602 294463099
1965375 11201399
490208259 992732994
430516339 843741135
186377460 361644756
227101374 561129015
449554894 672623790
39677436 644365668
42070838 870260307
518826581 729235164
570994214 910526498
249794552 571598069
588505750 750602429
124556853 769210681
376114985 792728097
541305586 931326813
795044563 939707547
543270960 932440540
137769174 826303650
324146633 628698027
187948406 189827041
551248006 860572195
195613673 491898286
386485475 900249631
65873980 271592563
115720638 489384545
34635412 687318707
623141161 739179096
290437487 360906128
600214365 666552471
6150576 384057530
60374409 945858123
31618444 603645368
169387617 730815014
282465370 359513040
470413775 493534249
44782254 401856433
183502321 893754718
92912279 936268303
11302610 280240193
60377217 248477182
95012628 500687154
239866250 935795888
78749727 718153788
170884505 600772377
606922953 745302197
554942034 805676605
405297427 586560477
136112440 261838325
544303694 755948094
249482342 348141832
14717468 749998264
50736140 146780948
239693226 643752981
776509525 987004443
47381659 250995835
24986707 751682988
142394287 813298946
713064426 991549237
444837966 892048672
637350869 883948930
291407315 904277270
295543825 309574696
557382149 877967792
298203487 633915885
101685842 646345318
735914578 968919661
396343581 882695525
19655801 892612914
122388750 859176595
373384584 669122438
546625496 759074605
125067572 753985243
359924442 969133160
104489465 319566021
56031302 266487477
23281098 741840333
37384158 347438617
77922760 332855793
447282658 631059280
548968500 711838644
129920949 300269573
370404512 526264530
182965098 242576664
157870199 271393795
101753258 940516232
531254783 713344215
339658080 508838706
319845809 699582521
330488217 491928181
449492046 804071985
398428670 547959483
472773143 747914451
288329179 805628936
735611836 825837210
289204567 390192205
137096687 419125515
507501199 690461777
797906396 873426874
69300190 750077862
31297073 704347472
415068207 862332774
201990853 270208038
442570198 776423264
106911480 754089725
410678061 934498379
334974213 408919877
809106730 881693020
82888663 949952260
539838307 908725872
538080448 829042873
151434428 675177134
100684739 841896204
35194684 898591135
567839430 637788898
451652854 820407676
194652721 682740449
464860758 866721060
495660675 737247653
491337377 907430955
455088506 694445685
864008383 902015438
29419897 563638519
112308559 745701402
138056060 366107131
873550782 904187578
24985209 967098932
431881063 920300022
467075747 719397765
287237194 671407508
104864644 491815184
152033716 738890047
27071984 458127458
616894473 764319637
376841779 953788132
108173365 261392989
71287464 862705154
125401371 953223712
278860025 723619124
644967155 918048623
644115756 861675183
549154732 681290466
521617317 981035794
241015081 601590488
125514347 300627892
258008887 380768626
119658672 617329530
410042602 496917866
430302481 879453426
113753854 236606964
108811557 221927218
32615372 497999952
84632372 475917675
216008748 985839083
199536798 903887705
61211981 860975902
262646985 400519813
595018798 922137129
49125637 96199130
15668561 396827022
174639984 396437186
507352260 791969513
368612209 917394862
141403730 798914689
255157583 649364639
758176195 888038004
238554307 477084801
414233524 790791566
714471981 776630649
630242271 914008779
343734524 533034705
827737111 933554517
275272260 606381508
702580637 708207997
324397897 723876557
99407658 499037880
120313742 459276270
143523744 488925950
229187483 284927474
140356990 878552121
28394993 540085056
17169856 636728316
119465652 280036233
283919731 833937632
56666881 766678353
442217938 600462762
110412876 280716224
228288806 716794383
555988484 936496803
271891372 880386380
223815381 512889711
379424259 633203453
522948002 683091650
912279132 974645754
115002744 807875475
200476883 790831253
280075920 995914088
70163090 115379739
354082821 560112152
469295385 801833723
120761173 402296484
83690401 764029674
683012708 992318479
91517543 653001135
781331633 924892506
146737696 971903922
148707887 203844532
779941148 831799536
607103253 726792533
387184360 596595020
239942624 574622348
423052788 587661242
520018543 657824331
390948878 932647046
192782600 864423503
254458782 837701028
18488455 447595436
130608143 921391428
426908914 863323286
74642037 497171270
46545958 351801420
353025658 643908965
250390489 276366464
37341545 829699373
633936564 883469717
69400084 458092064
657061325 873879187
246414081 881144851
124610081 167402008
31825510 179061127
317392680 433519908
722042889 764988115
304524715 495950668
167848000 748112609
822754645 922859582
127177353 665019269
161444586 721816954
480203010 972207442
437811049 517544554
321280765 654423167
151481118 723823250
25360304 631889181
233400927 365550383
124290737 400802934
303351863 490160463
285144795 807553143
7187684 589388122
425057609 893912836
25686570 355654703
61760835 278514284
579296456 700957566
405691636 422774520
740741041 885894645
31068441 247498313
255955551 901921479
352349206 407436668
478261081 984238386
285313323 711662007
202305120 409604059
112464940 692465583
250126086 565472273
154860395 352535077
109830121 777592685
48773230 465484824
655795606 963050417
356753172 596515459
2207095 394863224
632044043 988120616
740618091 879542355
19189056 996573641
224054613 633980186
112241266 256526660
60809350 394356335
263114470 676419624
641400915 803960393
221949018 955580052
308115128 891527000
376809412 853873473
278098993 938224164
171874648 594019770
93665761 768390106
341045336 803289293
435333335 623113552
216247995 329165951
167392041 200871359
65337987 653888578
321864647 424925971
485735321 618646195
295065818 716220981
372697725 748849790
704429841 936466732
594646742 680510084
823972505 865061320
386899908 803285483
102071498 558774555
48253610 249821604
53110896 327164660
389298946 950278212
340960582 570981248
19042558 360868975
84380544 771852606
14757552 196778577
406245190 633403747
682513897 974982522
283880038 780985916
200196599 569969000
794843340 988309878
102995435 705887549
471332197 489895342
361689383 425920046
48669896 611510987
228350907 474173655
517138234 715988952
31145470 710615168
50188027 286970200
58822805 71484142
86241693 134568571
108117733 540813760
572161791 643147981
205664059 368312634
568509232 927028018
767854247 775633058
215868923 878628492
473741795 687201119
368523833 835431178
113121164 269710080
299458516 439811171
498060986 669113101
155800122 529206456
295286673 379728268
303728761 579394482
206625830 713963052
242486806 314743562
107293164 814648596
475605797 957891543
20312654 737435912
44115028 648462063
259983950 505290159
527090554 831548305
748130738 947185069
519495834 912822584
17840817 818954349
352633754 515901803
340583802 360950228
45108258 720312069
477019091 656236900
24040830 862862729
119043987 190982143
30122643 298275306
933692582 988014185
773881102 806521588
577966448 670512481
83256606 307500002
834590556 930496430
730197850 767321263
286817096 435237645
453078462 495536786
848170539 958287797
298871598 821496616
61637118 719121225
717874018 871700018
196140315 748257199
239638809 580736746
610859388 867301185
537914114 653510119
164311567 451389924
29356372 312548058
620048059 834824047
617836829 965129329
307154966 584966943
200551030 742392611
696087815 871784039
47987424 682588187
396774706 869484039
458411823 981459784
588605263 705676153
28802192 637261929
453933352 609538938
173750888 876900738
72914677 267331203
376820953 827261006
139809063 431642770
118983168 258693676
76339356 759857122
67012087 589336348
661306299 789887378
385606689 661921049
338491544 709908472
68194875 587782601
