500
11
17
4
17
14
20
15
15
6
20
7
20
24
22
29
30
11
18
15
17
28
4
1
23
9
8
4
21
10
22
20
25
28
28
20
4
2
15
6
23
19
1
15
16
28
5
18
13
23
18
1
3
18
24
26
12
10
13
19
9
25
4
17
20
27
27
7
3
8
18
16
2
19
3
17
15
24
27
4
14
4
18
23
20
27
24
8
2
26
26
5
1
14
6
17
19
26
25
9
29
26
19
16
25
7
28
15
11
6
1
23
23
3
28
21
1
16
9
21
29
29
12
1
24
25
11
24
10
14
25
17
2
19
20
19
21
2
5
19
21
20
18
6
28
1
14
14
8
1
13
6
20
28
27
4
2
16
16
18
11
12
19
25
29
29
15
9
20
8
19
21
28
19
4
16
5
20
27
26
24
9
20
21
26
19
18
18
10
19
17
26
15
6
15
5
23
25
17
18
2
4
10
21
10
10
23
17
20
14
6
14
18
28
1
16
25
16
7
14
26
25
20
5
20
16
28
29
10
8
24
29
8
28
10
8
11
7
3
4
10
7
13
1
8
30
28
9
19
29
24
2
24
8
12
23
9
29
30
5
2
24
12
27
21
2
24
14
6
2
21
13
7
28
10
25
8
8
25
6
23
18
9
12
21
19
22
30
13
14
16
29
21
7
12
4
11
29
19
26
7
24
12
24
13
14
18
20
11
23
28
5
29
7
24
13
2
24
22
15
2
25
24
22
16
20
9
20
28
14
15
27
24
19
24
7
17
5
18
25
30
7
9
9
17
21
19
18
19
23
8
2
28
6
30
28
2
17
17
22
17
18
2
25
29
18
22
14
8
2
8
19
26
28
10
10
5
11
27
15
6
8
21
1
16
4
30
7
11
20
12
19
27
21
1
4
18
26
19
23
20
30
2
28
20
13
12
25
11
23
6
24
14
7
30
10
29
8
22
8
8
13
9
3
14
15
22
10
29
13
23
13
28
7
22
6
19
21
25
6
17
7
26
24
30
30
21
9
3
22
18
24
21
20
17
6
24
12
6
8
1
7
14
2
12
11
2
6
18
8
12
1
12
28
30
30
15
12
18
10
22
2
11
17
4
9
8
29
28
1
8
13
16
9
28
6
30
21
6
3
23
