200 200
81 184 190 185 68 74 126 18 158 170 184 103 135 86 127 175 66 21 94 117 15 69 145 95 25 181 77 23 144 171 51 149 89 160 113 139 177 191 192 72 117 98 15 30 77 165 23 20 12 200 53 156 114 9 92 30 42 192 144 179 92 97 83 67 53 38 108 87 194 163 99 56 112 152 6 103 111 34 55 90 122 98 44 157 137 12 30 55 55 73 179 17 197 166 148 18 29 19 71 30 111 5 102 130 56 196 181 170 165 149 120 27 109 105 108 65 148 37 81 34 25 96 158 129 137 192 61 165 137 46 178 39 81 37 48 151 27 150 69 87 72 183 25 190 155 71 75 111 116 132 100 40 79 142 58 164 18 193 142 105 2 7 110 74 167 51 140 14 131 183 69 119 183 71 147 60 22 179 67 23 168 2 39 88 161 26 142 65 191 176 47 191 79 6 154 23 97 136 111 191 
55 118
97 117
21 98
4 36
14 21
18 115
5 128
178 187
71 76
112 170
61 80
129 200
107 136
78 103
87 114
75 170
35 79
61 109
153 177
6 53
31 33
51 191
181 191
71 167
41 116
38 177
70 161
67 195
31 54
18 97
68 138
40 143
102 108
45 155
132 197
160 186
32 38
70 196
61 159
6 139
42 96
12 59
43 200
149 177
72 81
37 119
83 96
19 152
29 152
142 156
53 109
104 122
116 195
13 47
10 30
31 199
123 135
90 176
3 198
16 119
142 178
92 163
17 19
15 50
114 168
55 63
57 188
113 133
172 182
34 102
140 179
26 172
42 106
98 101
168 177
90 114
24 112
100 185
36 83
44 190
6 51
88 188
50 162
108 199
121 184
47 144
70 97
135 161
3 150
10 188
6 118
54 125
37 71
63 127
126 142
41 165
106 169
34 179
14 53
17 186
144 146
16 184
127 147
30 127
37 187
104 177
17 136
92 104
88 97
84 172
15 158
38 46
5 155
44 93
151 183
126 152
22 70
82 186
25 30
105 179
73 145
40 46
9 152
99 149
32 130
2 83
53 114
44 161
54 89
121 174
188 199
18 57
48 187
28 111
148 187
137 157
13 18
28 73
35 185
72 199
9 188
32 149
50 107
22 106
27 125
23 32
78 166
150 181
53 53
77 103
48 97
148 150
7 142
58 140
43 78
59 141
27 103
144 151
47 101
70 167
98 154
128 138
74 163
44 161
78 103
1 174
12 170
117 197
63 151
41 146
167 170
79 124
11 95
79 118
23 64
16 70
62 189
21 170
21 53
5 189
181 189
116 153
51 155
64 83
22 60
79 177
36 103
3 38
119 133
23 109
85 110
100 196
28 144
56 167
78 115
154 175
99 143
87 167
102 170
77 97
