100 200
1 37
3 1
3 1
2 83
1 74
2 68
1 17
3 3
2 51
2 84
1 36
2 49
2 31
2 45
3 1
1 77
1 38
1 31
2 42
2 9
2 70
1 23
3 1
1 30
1 15
2 51
3 7
2 31
3 1
1 10
2 62
2 100
2 72
3 7
3 8
2 45
1 70
1 50
3 1
2 76
3 5
1 27
1 90
2 35
2 65
3 10
3 4
1 65
2 35
2 33
3 9
1 20
2 74
1 95
1 54
2 65
2 49
2 33
1 4
3 15
1 21
2 78
3 2
2 3
1 10
3 18
1 69
2 7
3 16
2 11
1 64
3 6
3 3
2 93
2 73
3 7
3 17
3 12
3 24
3 9
3 1
3 6
1 75
1 36
2 26
1 61
2 37
1 58
2 48
1 54
3 14
3 2
1 100
3 14
1 60
2 74
1 25
1 4
1 45
2 2
3 21
1 61
1 41
2 73
2 33
1 48
1 83
3 7
3 21
3 30
2 2
3 32
1 85
1 39
1 86
3 30
2 100
1 65
3 7
1 33
3 36
2 7
1 64
2 10
3 43
3 3
1 23
1 35
1 72
3 33
3 41
3 36
2 58
1 43
2 59
3 8
2 99
1 77
1 11
3 28
1 2
1 65
3 48
3 27
1 71
2 38
1 35
3 46
1 9
3 24
2 75
1 1
1 67
1 64
2 92
2 29
2 52
2 28
3 37
2 51
1 66
2 25
3 52
3 56
3 45
2 75
3 22
3 30
2 27
1 13
2 26
2 75
3 3
3 32
3 36
3 6
3 41
2 92
2 23
2 30
2 64
3 21
1 9
1 5
2 14
1 2
2 64
1 11
2 8
3 7
3 17
2 70
3 30
2 90
1 38
2 58
1 33
2 27
1 77
3 66
