2000 2000 2000
1189 1768
630 1912
330 935
266 594
1001 1756
715 1944
167 743
115 1784
175 357
1209 1935
654 1169
861 1146
343 876
1307 1937
1247 1273
1048 1764
474 1804
49 1942
5 1902
698 1591
668 694
499 1933
128 683
494 646
926 1878
354 1715
274 1472
595 1979
424 1301
873 1493
211 1378
122 1274
210 1211
53 783
515 1357
1025 1354
69 532
270 1209
1200 1761
288 464
1055 1171
437 1307
298 471
154 1181
784 901
566 1419
446 1994
268 1522
109 1031
1250 1961
86 1320
182 696
1761 1778
113 290
127 1235
501 1539
306 667
1622 1871
81 418
406 415
1721 1828
1373 1589
1138 1337
1610 1876
46 940
1307 1643
538 1355
1190 1827
187 783
374 1829
776 1028
195 1388
739 794
1025 1474
806 1169
1021 1799
1087 1328
140 748
500 1112
574 663
184 585
1395 1797
959 999
947 1605
824 1563
193 1275
1039 1438
1265 1905
409 1100
1653 1808
553 1762
615 642
55 643
1178 1760
370 1580
363 613
180 1247
434 1292
1801 1891
616 995
69 1364
463 1156
1187 1235
1389 1876
622 1081
403 1790
406 519
581 1285
79 1223
391 788
1731 1820
679 1403
1034 1657
438 1527
796 1457
534 1192
1827 1858
563 1672
559 1508
86 355
939 1892
109 1434
9 747
1770 1820
548 1386
638 1439
775 1384
646 749
222 1006
585 1749
1015 1977
195 1915
1654 1658
744 947
350 1463
152 1324
500 1027
849 942
1466 1779
815 1129
747 935
427 1774
1037 1833
7 69
1315 1765
1072 1782
314 1450
138 155
863 1751
883 1869
18 1680
11 729
677 1833
61 466
1614 1841
324 1428
317 1273
792 932
483 545
510 1437
352 1217
927 1927
808 935
1306 1351
678 726
1140 1840
147 1698
500 1926
613 851
110 1522
197 645
991 1216
1116 1336
1292 1663
954 1583
124 729
409 1915
823 875
1477 1713
786 837
1655 1737
768 1855
1223 1658
1544 1867
1180 1183
875 1011
172 1332
840 1445
1297 1356
1701 1894
931 1065
214 366
1358 1557
635 1048
1135 1305
882 1673
1539 1846
675 1628
398 1036
145 1062
1493 1653
213 1339
288 438
136 1285
893 1592
153 681
499 507
670 1033
1477 1508
296 458
1579 1895
617 810
214 1768
36 912
645 1115
822 906
976 1263
180 1091
51 1770
1338 1669
812 1047
1315 1789
155 398
1486 1961
3 348
150 1732
144 163
1667 1957
1146 1629
1322 1935
241 1012
1402 1702
72 432
107 1218
533 866
955 1578
253 433
519 1272
1109 1356
418 935
709 1076
166 996
1597 1988
1841 1968
126 346
657 1053
341 740
1076 1281
693 1169
935 1510
397 1747
1396 1754
1013 1502
528 1927
717 1524
446 459
808 1093
544 1920
1440 1453
1318 1986
9 904
772 1372
645 1130
76 1251
242 1864
471 1682
842 965
276 922
1672 1930
57 713
951 1111
330 1375
695 1666
794 872
339 713
189 1453
1126 1739
1494 1525
616 1346
577 1047
541 785
252 269
269 1024
49 1159
149 1706
942 1139
405 418
691 1733
443 873
333 1576
804 1033
1298 1797
604 1994
1407 1476
1237 1777
418 1075
477 699
58 1173
144 1527
177 534
627 721
181 964
635 1014
324 921
89 1002
433 1106
1066 1769
726 1595
167 562
418 752
110 679
275 1096
82 1924
874 1826
1238 1761
59 1477
380 1771
954 1190
1044 1759
382 1801
255 1082
1388 1553
165 555
704 1659
1240 1982
841 1916
901 1786
928 1225
1351 1447
1615 1988
524 719
104 418
71 711
917 1033
72 996
356 1472
814 1587
677 1444
61 92
480 990
639 1962
251 1208
278 1373
317 1970
96 246
728 814
684 1230
196 1615
15 1854
1581 1752
1002 1539
670 1857
462 1519
106 187
251 252
97 1410
168 1327
1125 1655
290 1012
135 167
1342 1890
118 1600
38 1678
945 1036
974 1826
1280 1567
1207 1877
300 1710
451 1433
533 860
418 1179
1017 1137
1058 1230
293 968
163 1608
13 1007
845 894
234 867
877 1483
30 1592
453 1460
1899 1934
499 666
441 835
773 1150
975 1464
1754 1902
999 1072
305 1598
1338 1827
1375 1550
857 1228
454 1894
84 959
1041 1638
1134 1903
173 621
1294 1412
788 1261
1620 1805
954 1241
366 1973
154 1924
318 1761
822 1836
1434 1997
130 865
269 1370
1712 1731
294 1113
195 737
564 1805
1075 1465
232 1191
382 1928
570 1164
389 1321
190 1170
707 1817
1412 1566
926 1719
641 1126
459 1243
560 1129
878 1656
393 1476
865 1787
413 1335
339 748
578 1863
792 1414
119 692
798 1861
243 808
81 447
228 1652
526 1237
610 1776
317 809
190 583
456 1130
246 831
1585 1639
1012 1108
852 1942
1223 1738
609 1951
1176 1457
668 687
329 1312
46 799
536 1844
252 972
1505 1751
679 769
797 940
349 1374
916 1539
851 1486
5 1562
40 1810
715 1034
496 1253
222 1082
213 1088
68 755
1217 1285
1042 1518
438 1412
605 1139
586 1259
1227 1769
788 911
559 1330
536 681
933 1197
140 1914
43 1426
181 903
1049 1633
684 1897
1427 1632
296 1793
1139 1831
735 1511
649 711
1557 1884
1050 1661
907 1548
218 351
204 598
745 1268
912 1844
46 1586
957 1752
1600 1964
172 876
460 1623
1260 1996
162 1548
1059 1064
714 1980
87 225
383 790
464 896
366 644
687 906
225 619
733 933
1559 1851
836 944
287 1237
1312 1904
1083 1792
694 752
496 1022
1191 1432
335 1579
646 893
719 1593
715 1788
617 745
699 1402
372 1577
655 1000
296 1775
33 1267
67 696
629 1844
1044 1985
236 1323
724 878
162 1847
1851 1873
678 900
419 1134
74 1031
121 596
583 1416
19 1800
526 660
936 1856
990 1241
375 500
34 1928
6 1741
151 1516
1800 1828
286 1819
548 1062
1566 1796
128 1428
1118 1290
1139 1755
591 1403
621 1513
1190 1406
308 609
879 1686
573 1856
506 1907
454 1150
992 1525
58 622
1734 1825
1019 1874
380 1277
658 932
6 1973
1660 1863
478 589
354 1233
313 646
363 1849
15 1963
339 351
1088 1287
149 458
73 1080
1164 1564
951 1521
278 1614
133 1435
482 1999
152 1779
1307 1765
2 847
173 1547
116 365
124 418
611 1351
77 376
2 1092
1082 1103
1052 1902
167 1328
538 893
975 1684
1215 1884
780 1615
587 1376
742 1611
101 1324
1579 1956
603 776
117 968
729 1092
622 987
304 687
632 1419
393 514
246 1594
952 1794
1555 1654
624 976
503 1258
838 1318
738 795
239 1465
565 1535
488 1506
505 955
537 1954
158 1831
446 1678
1221 1899
649 1250
1108 1379
1390 1533
1087 1552
293 561
1126 1490
1240 1373
272 1524
717 782
1850 1957
137 1467
441 910
31 1775
32 1087
731 772
1727 1812
374 538
849 857
793 1753
739 1904
33 736
1124 1818
1276 1552
398 509
1602 1879
1164 1952
138 725
414 1201
152 934
816 1156
522 865
574 892
1331 1997
443 1226
394 1119
272 1879
1396 1536
123 258
1160 1441
942 1448
1736 1854
595 1354
828 1199
540 1938
1159 1682
327 1877
1161 1502
861 1360
594 1373
149 561
434 1986
607 1995
185 1827
578 1998
456 1147
56 1576
1173 1610
482 1964
997 1692
466 875
640 1439
595 1333
159 1227
53 741
803 1050
1479 1670
656 856
122 135
454 697
1462 1766
1241 1360
981 1151
123 1690
579 948
396 531
243 1542
903 1653
716 1107
1653 1721
385 1733
96 309
294 679
608 1538
755 1676
147 563
381 1093
717 1070
138 1714
1623 1767
505 1395
217 1854
1398 1860
668 1858
1262 1390
753 1879
336 1551
115 1064
422 1754
281 833
1754 1886
1450 1750
92 1230
788 1131
114 666
451 1660
1087 1685
852 2000
568 1339
653 1373
1821 1979
416 1468
258 1039
199 532
1261 1658
298 1728
363 1640
1112 1599
1343 1432
388 1691
1261 1988
457 1495
447 1511
36 1472
1160 1459
1381 1522
218 1856
326 1147
1017 1541
667 997
422 928
1333 1349
426 1111
576 1251
567 1670
610 1522
579 1696
80 615
331 749
329 775
732 848
404 1860
1283 1346
1341 1358
946 1096
1190 1936
513 1761
1595 1801
282 715
545 1882
96 342
1402 1712
1139 1827
477 604
1523 1939
113 984
1006 1067
466 874
739 1256
1292 1890
762 1271
152 947
339 1933
792 832
1574 1741
742 837
1232 1930
1300 1973
773 1521
28 629
889 971
103 1721
574 1390
33 706
693 1768
569 1447
1370 1980
1321 1628
1561 1577
423 1502
801 1914
829 1802
640 1368
1327 1363
1174 1589
585 691
26 35
367 1019
320 1089
648 1709
205 1433
220 1060
55 1778
839 1038
1695 1940
452 1320
1621 1817
431 847
226 1695
241 1335
447 1523
841 1675
873 1791
7 790
1216 1586
215 1505
556 1965
1008 1354
1844 1967
201 1222
275 537
151 254
163 1293
170 1374
831 1509
609 914
293 1810
987 1202
1327 1887
29 831
229 1656
148 1096
125 622
177 1727
1519 1591
1309 1833
102 1500
10 1833
804 954
221 1135
106 656
265 1476
962 1229
487 958
336 1089
143 1438
1670 1972
1557 1740
1873 1929
63 479
587 1713
670 1621
946 1563
559 1366
419 686
420 654
870 1109
236 1077
534 905
445 1267
681 1506
566 1095
494 1054
1063 1423
939 1508
683 1781
302 1665
1081 1798
32 1558
1237 1397
1130 1908
1279 1748
203 553
1172 1961
559 897
673 1958
622 780
284 1868
353 857
1137 1870
850 1295
902 1084
769 1305
919 1371
1228 1608
481 1183
313 1801
67 340
1277 1745
137 1598
1361 1834
1036 1378
417 1922
456 1032
1562 1692
481 1281
920 1140
438 1730
965 1864
315 815
750 1155
1069 1817
349 607
93 411
290 442
49 798
37 1619
1149 1836
1853 1961
301 1267
317 1289
77 1318
680 1916
1643 1734
1090 1961
440 450
214 1220
1510 1999
1233 1537
342 1996
1384 1583
617 1245
282 927
758 985
612 1580
505 1653
1694 1746
717 1408
1311 1728
156 1826
1500 1952
129 737
1096 1111
1118 1888
1166 1403
118 1918
649 1507
75 610
222 1891
236 1791
237 759
92 407
1149 1890
417 627
1078 1916
1101 1973
215 247
549 1554
99 1379
630 954
928 1653
1646 1952
741 1763
281 484
176 638
941 957
1830 1834
381 1965
746 1074
277 1212
918 1824
530 1416
466 1318
1461 1759
925 1305
877 1955
1160 1182
1327 1857
1083 1564
908 1151
1611 1783
757 1085
1355 1790
926 1406
518 1881
1288 1481
727 1809
304 848
1309 1915
263 1790
1256 1445
740 898
246 617
1661 1997
1407 1534
325 1434
1126 1962
887 1642
825 1218
80 1760
145 339
344 526
764 1596
1295 1644
30 1942
91 1243
215 1303
1060 1354
5 1086
420 978
854 1142
698 1780
456 1782
1876 1942
786 1009
254 1400
1003 1318
447 643
136 1923
1095 1297
1929 1943
219 1342
1196 1825
1476 1613
217 1110
585 869
1279 1870
456 1123
246 1663
337 1893
882 1492
834 1637
326 1668
858 1518
1564 1768
403 822
1244 1603
113 1245
281 546
233 1805
925 1770
561 1054
489 895
1029 1052
670 1178
64 1632
528 1158
223 1047
359 1924
1187 1990
401 1035
290 878
453 782
972 1104
1460 1938
54 639
25 1075
224 261
1566 1768
1209 1985
352 566
29 984
192 926
187 317
533 1152
964 1210
333 1002
624 1822
563 1808
736 1836
155 1106
887 1183
482 594
478 757
438 925
318 1855
1627 1988
358 949
748 931
421 1877
807 1940
1590 1600
1034 1955
635 1218
608 1150
1002 1755
30 1790
1489 1492
394 426
722 1287
1497 1771
871 1016
722 1014
552 1691
170 1841
740 1382
1371 1911
1132 1503
601 1554
557 1880
438 1627
823 1483
938 1243
1400 1690
154 1498
574 864
105 1186
1404 1803
82 704
1016 1191
126 786
65 98
1238 1278
1695 1703
559 1045
119 1457
589 1392
182 1941
826 1481
205 578
523 1638
844 1522
1044 1224
583 1966
1266 1705
198 1039
1193 1721
181 778
155 1366
574 1982
1315 1755
413 728
867 1496
30 567
9 110
1368 1564
444 895
525 1359
803 1907
902 1756
486 1872
319 1237
346 1119
436 1615
1030 1991
40 79
245 1774
581 917
188 263
701 1631
639 1369
99 280
113 482
1292 1668
853 1289
573 1183
1043 1077
849 925
916 1636
1244 1713
55 259
77 208
648 1738
1546 1755
235 676
673 1111
585 1977
1609 1836
399 1152
213 1081
1414 1840
677 1306
91 603
745 1661
89 1110
964 1236
342 1659
448 1180
804 1230
794 1362
1181 1669
1573 2001
1605 1838
480 1262
4 1859
586 1586
74 1993
214 298
360 506
826 1454
1441 1474
1014 1086
984 1354
1466 1758
102 1281
720 1988
462 1157
315 614
211 754
45 1276
39 1874
176 404
32 1569
361 1521
1314 1486
1231 1872
896 1012
985 1672
487 530
204 733
1547 1882
253 292
267 1210
502 790
170 211
438 1248
1482 1647
467 1211
141 823
568 634
358 603
422 440
1412 1756
971 1710
229 1015
271 770
249 1810
475 1630
1430 1980
1592 1863
1496 1931
1549 1821
349 1617
281 1375
1234 1781
150 868
554 1950
941 1781
825 1382
1066 1083
114 476
1210 1812
1548 1852
36 1645
1594 1852
416 1017
85 684
34 1466
750 1573
941 1122
811 1525
497 1769
404 1859
922 1763
1649 1679
711 1331
748 1600
1357 1874
939 1309
755 1388
637 982
297 413
862 1401
534 641
853 1567
68 1836
1761 1765
1195 1789
679 1630
658 871
1153 1632
300 1053
1320 1561
896 991
353 1738
1466 1642
1296 1977
466 1771
405 1580
997 1723
252 1676
897 1685
89 772
989 1849
815 1847
338 985
1593 1958
836 1007
1012 1663
373 1069
1512 1907
1154 1329
223 1175
26 613
231 1732
1218 1431
69 1346
746 1741
771 1647
562 1115
1214 1499
566 1640
1458 1962
319 399
1234 1964
624 1436
778 1144
604 1424
77 342
33 1399
584 1131
480 1073
304 1478
99 196
260 1005
60 368
743 1557
346 910
1147 1309
610 1133
509 824
241 1842
27 735
986 1651
1501 1964
1135 1135
82 413
464 900
665 1412
1040 1142
300 1467
154 1109
945 1792
203 1199
112 555
664 1601
1166 1233
1223 1904
47 699
307 1702
1478 1688
361 1380
916 1081
1687 1918
4 851
468 1401
171 1627
446 644
762 1732
1307 1555
1316 1907
1013 1727
355 1803
676 935
489 1809
642 1493
1174 1245
368 452
28 1693
913 1169
8 366
769 872
720 751
439 1721
496 869
343 751
386 1949
170 664
966 1261
208 1884
1 1246
456 1019
35 390
470 1602
492 730
231 1926
292 1701
215 559
1499 1903
602 613
232 1673
1702 1858
1553 1750
516 826
1731 1807
1897 1945
645 1019
1261 1690
221 1504
1259 1938
71 1937
471 1597
605 1604
414 870
1238 1998
291 390
631 841
59 734
165 1939
793 1883
360 1594
169 1858
772 1231
579 1756
383 1158
1102 1410
1326 1990
687 1798
265 437
71 419
8 124
750 1144
520 1985
946 1114
396 1049
756 1458
271 1288
410 1545
1733 1738
781 1432
742 1055
867 1088
1538 1732
54 563
230 1382
777 1905
1616 1941
74 1047
248 600
738 783
123 1500
108 1561
798 1184
1047 1602
688 1552
178 1638
1546 1983
454 1310
992 1539
26 1331
878 1714
903 965
681 1109
1146 1530
14 768
227 1093
537 1853
1652 1998
563 1634
557 1101
577 1462
1104 1356
1168 1841
26 896
232 1060
719 927
578 1336
502 1981
591 1795
223 1934
1076 1179
698 1711
375 1181
481 1620
848 872
714 783
580 1409
1597 1919
462 640
850 1269
606 834
56 1987
895 1985
795 1272
149 605
748 1589
937 1759
1070 1330
33 443
222 387
1090 1866
54 1880
321 953
286 647
711 1695
24 1480
523 897
395 461
272 802
704 1710
272 1500
1063 1207
435 1455
314 1023
81 1117
545 1158
995 1281
456 984
591 1471
310 1474
542 1894
609 1222
430 1379
249 1647
859 1002
280 457
196 269
325 1016
248 996
1737 1960
575 709
1513 1570
1193 1200
1021 1432
69 136
196 1356
660 1688
299 1129
762 996
1477 1858
563 604
32 575
859 1999
310 1915
393 887
667 1411
227 1217
824 1352
1833 1900
117 1352
836 1897
826 1015
323 357
1405 1540
1716 2001
8 1651
847 1302
335 1333
1168 1652
20 1492
349 1114
1594 1902
366 1526
1084 1979
649 1915
744 897
711 1509
1585 1801
455 1214
1447 1528
645 1439
412 616
1211 1578
656 1809
460 980
1518 1887
49 511
112 671
508 964
488 1432
720 1429
140 347
425 1494
187 1854
894 1175
1064 1286
1069 1898
253 1249
67 1519
591 1931
939 1913
174 1774
808 1443
947 1038
764 1974
705 1126
333 1329
1422 1951
58 1916
771 811
803 968
1518 1755
685 943
376 1898
253 1707
180 400
1005 1848
1084 1688
1555 1765
17 1348
934 1202
516 1081
283 1499
249 559
226 779
397 1928
321 1724
604 1041
1345 1356
566 1429
1584 1727
1546 1612
315 823
939 1013
1490 1687
43 1422
969 1904
1024 1224
117 1079
762 1986
707 1898
156 1729
496 1594
539 1110
1923 1947
62 1906
1562 1593
1123 1955
746 888
751 900
761 1668
405 1305
974 1304
293 1079
261 1987
498 1026
239 1054
480 695
8 1558
801 1787
998 1878
180 473
251 1803
620 1616
224 1575
842 1784
871 1012
419 1365
491 1217
1214 1396
165 1111
49 1733
1898 1982
1030 1465
178 692
375 1116
810 1954
779 1404
1375 1693
1463 1825
1326 1380
894 1878
578 1016
1208 1908
1135 1421
641 800
142 1674
724 1119
1052 1197
1656 1681
458 1725
232 1925
1078 1125
389 494
539 780
622 722
394 1487
836 1873
1039 1103
1698 1791
1540 1879
709 1159
676 1080
789 1281
533 550
389 750
348 940
773 1134
311 1321
158 305
1604 1871
9 689
1599 1786
241 1564
214 1378
122 294
706 1155
812 1391
656 1915
798 1175
94 941
1100 1373
38 1016
621 1493
392 1654
560 1324
1697 1927
95 771
1461 1804
1178 1452
205 1898
1219 1598
883 1502
102 521
113 1422
1009 1270
378 1722
558 1531
1708 1744
1455 1801
447 967
1766 1994
356 1097
1236 1549
890 1615
219 1706
255 1223
395 763
1296 1520
1379 1944
507 1270
1044 1233
442 1621
205 971
1150 1813
631 1817
148 974
291 539
560 1694
778 1720
58 208
941 1480
449 1602
509 1278
1631 1732
503 1136
942 1515
269 1073
115 248
554 653
1136 1842
1391 1934
283 1831
529 597
60 755
466 852
1287 1308
52 1676
111 1272
556 920
186 776
36 247
414 1033
279 983
1435 1979
192 1048
368 559
1593 1736
1109 1458
37 1445
1146 1958
40 1628
1585 1715
602 1494
335 994
498 1236
1249 1628
337 527
143 1768
579 946
1 1013
123 1497
1787 1831
1275 1723
1186 1997
1457 1666
1122 1976
528 1941
801 1679
622 865
246 1759
157 450
628 1963
195 401
602 1837
192 464
47 1549
1238 1664
1160 1307
604 846
372 993
831 1756
707 1748
856 1499
220 1422
523 1115
1142 1240
936 956
897 1149
29 1799
767 1510
1864 1948
539 1778
541 855
298 685
925 2000
702 1398
53 515
681 1981
364 1906
625 1716
121 1221
756 1836
38 1991
1 404
1364 1563
82 603
60 692
233 1121
456 564
857 1593
1092 1952
645 1806
806 1161
607 1817
626 1198
93 649
159 1678
1591 1607
997 1760
199 804
1022 1969
375 1128
416 1156
310 529
1829 1866
76 111
363 1185
296 373
480 1599
194 745
411 982
524 1374
267 484
653 1607
868 1148
158 1753
1600 1701
384 882
1176 1326
1351 1888
1188 1570
236 266
207 1275
273 1120
625 1660
736 1859
869 1944
1519 1828
1301 1557
476 1597
275 1147
384 701
160 1595
197 939
231 1407
1770 1975
148 552
150 483
725 1596
732 1287
1122 1235
777 1860
913 1911
660 1632
976 1487
771 1387
819 1914
316 1480
460 513
572 770
1120 1252
1504 1527
107 448
291 1138
228 1878
1549 1713
684 880
114 1633
925 1654
25 1474
577 1983
1567 1838
291 296
71 1494
279 434
777 1853
519 785
1300 1980
558 1738
674 1352
282 1998
733 1060
912 1152
766 817
186 291
1387 1796
437 1163
1503 1957
998 1573
136 1139
21 698
82 1031
559 1773
43 398
898 1698
207 1649
405 603
1736 1979
1352 1779
102 837
1397 1799
1688 1912
377 1266
241 1624
1052 1681
786 844
1051 1196
84 564
11 478
548 1119
561 1386
470 961
1219 1645
1430 1789
295 1186
592 884
336 366
984 1086
863 1787
72 1400
1045 1347
891 1576
808 1144
310 1787
80 226
507 743
1259 1515
361 1084
1158 1858
524 1751
690 1436
818 1126
398 714
280 415
332 1449
779 1748
765 856
215 1245
255 910
867 1958
499 812
915 1399
816 1941
1147 1779
360 1219
1478 1841
1344 1672
1406 1430
1187 1994
1173 1190
435 884
240 1398
284 1766
1322 1433
1566 1840
1375 1829
1208 1264
432 1518
309 502
829 933
153 651
537 1940
759 1966
51 1818
1007 1199
1106 1127
723 1414
1317 1811
1330 1842
170 1987
456 1431
43 113
1203 1896
479 1718
